CONV NORM
# FWHM=3.000 pixels, n=7
0.0005	0.0021	0.0050	0.0067	0.0050	0.0021	0.0005	
0.0021	0.0090	0.0216	0.0289	0.0216	0.0090	0.0021	
0.0050	0.0216	0.0519	0.0696	0.0519	0.0216	0.0050	
0.0067	0.0289	0.0696	0.0932	0.0696	0.0289	0.0067	
0.0050	0.0216	0.0519	0.0696	0.0519	0.0216	0.0050	
0.0021	0.0090	0.0216	0.0289	0.0216	0.0090	0.0021	
0.0005	0.0021	0.0050	0.0067	0.0050	0.0021	0.0005	
